1.000000000 0.000000000 0.000000000 0.000000000 0.000000000 1.000000000 0.000000000 0.000000000 0.000000000 0.000000000 1.000000000 0.000000000
0.999042749 -0.000446167 0.043742787 0.044312239 0.000556611 0.999996662 -0.002512694 -0.018152613 -0.043741524 0.002534637 0.999039650 1.026258945
0.996040523 -0.004948008 0.088762812 0.138516486 0.005626368 0.999956846 -0.007393822 -0.037225384 -0.088722400 0.007863958 0.996025324 2.052427053
0.990914404 -0.004072955 0.134432301 0.270349741 0.005643975 0.999920130 -0.011307294 -0.061572984 -0.134375513 0.011963293 0.990858257 3.068821669
0.983563900 -0.001563555 0.180553615 0.450327158 0.004098097 0.999898255 -0.013665443 -0.088442713 -0.180513874 0.014180764 0.983470201 4.089380741
0.974028707 -0.004100050 0.226387322 0.685217977 0.007365015 0.999880672 -0.013579273 -0.119224943 -0.226304635 0.014893947 0.973942697 5.093555927
0.962377906 -0.004759533 0.271672815 0.962065458 0.009122015 0.999848902 -0.014797254 -0.149430662 -0.271561325 0.016718753 0.962275922 6.100077629
0.948807061 -0.007151699 0.315775275 1.283103943 0.013365415 0.999757230 -0.017516375 -0.180653319 -0.315573335 0.020840127 0.948672295 7.081539154
0.933600664 -0.008783458 0.358207554 1.653706670 0.016782377 0.999674261 -0.019227516 -0.212154001 -0.357921988 0.023962395 0.933443964 8.043933868
0.916135311 -0.008531370 0.400778323 2.054775953 0.018020047 0.999639332 -0.019912528 -0.245422587 -0.400463909 0.025464615 0.915958643 8.978642464
0.874697268 -0.008826384 0.484589309 2.986473322 0.019765880 0.999651968 -0.017470155 -0.323348671 -0.484266460 0.024859430 0.874567330 10.751380920
0.825065970 -0.009213476 0.564961374 4.104434490 0.022251057 0.999621272 -0.016193325 -0.399239272 -0.564598203 0.025931546 0.824958444 12.475646973
0.738134146 -0.012828435 0.674532056 6.042188644 0.030857366 0.999414802 -0.014759786 -0.504025996 -0.673947930 0.031708982 0.738098025 14.800660133
0.635970056 -0.011490039 0.771628201 8.291720390 0.036615796 0.999212265 -0.015299547 -0.595608056 -0.770844579 0.037983838 0.635889769 16.843814850
0.522294402 -0.006359212 0.852741539 10.778490067 0.043616928 0.998862565 -0.019265974 -0.684753299 -0.851649046 0.047256477 0.521977663 18.533504486
0.444699705 -0.007040159 0.895652115 12.575301170 0.050322305 0.998585999 -0.017136248 -0.740223646 -0.894264996 0.052691761 0.444425225 19.468423843
0.372340322 -0.005117917 0.928082228 14.472282410 0.056128588 0.998278558 -0.017013397 -0.788148701 -0.926397502 0.058426715 0.371986628 20.253322601
0.338724613 -0.005864121 0.940867364 15.457920074 0.056823298 0.998282790 -0.014235168 -0.809363663 -0.939168215 0.058284983 0.338476181 20.613855362
0.305236161 -0.007277547 0.952248931 16.459339142 0.059313092 0.998174489 -0.011383830 -0.830836058 -0.950427771 0.059955582 0.305110633 20.935106277
0.272274017 -0.007129440 0.962193370 17.477081299 0.060018379 0.998151243 -0.009587666 -0.852662861 -0.960346162 0.060359757 0.272198558 21.220348358
0.240062952 -0.004310634 0.970747769 18.490762711 0.057427190 0.998301923 -0.009768583 -0.879045367 -0.969057202 0.058092389 0.239902854 21.473230362
0.209107637 -0.002673681 0.977889061 19.546407700 0.057546008 0.998296916 -0.009575922 -0.893115401 -0.976198077 0.058276005 0.208905399 21.700485229
0.178575933 -0.002478287 0.983923018 20.621749878 0.059587520 0.998188555 -0.008300551 -0.914431632 -0.982120156 0.060111810 0.178400159 21.886487961
0.147938848 -0.002560714 0.988993108 21.704172134 0.061314102 0.998096764 -0.006587401 -0.931096315 -0.987093985 0.061613761 0.147814333 22.043512344
0.117487013 -0.003209676 0.993069172 22.807317734 0.060154226 0.998181522 -0.003890464 -0.945666373 -0.991250813 0.060194392 0.117466450 22.175670624
0.088338554 -0.003564738 0.996084094 23.931617737 0.060804859 0.998148024 -0.001820404 -0.961855173 -0.994232893 0.060727566 0.088391662 22.266862869
0.035752296 -0.002699663 0.999357045 26.241846085 0.067691676 0.997706234 0.000273515 -0.979531109 -0.997065485 0.067638367 0.035853028 22.366706848
0.013055086 -0.002139226 0.999912441 27.426753998 0.071987115 0.997404873 0.001193988 -0.983287811 -0.997320056 0.071965232 0.013175189 22.373020172
-0.007164359 -0.002272214 0.999971926 28.611200333 0.077835858 0.996962190 0.002823015 -0.984445453 -0.996940613 0.077853881 -0.006965637 22.356222153
-0.024918437 -0.002915429 0.999685287 29.827220917 0.082044840 0.996616364 0.004951555 -0.989428341 -0.996317089 0.082142405 -0.024594903 22.315343857
-0.040399909 -0.002695528 0.999179900 31.056121826 0.085288018 0.996337414 0.006136311 -0.988942385 -0.995536923 0.085465983 -0.040022016 22.250570297
-0.055030465 -0.003387668 0.998479009 32.301631927 0.087556548 0.996125758 0.008205296 -0.991460204 -0.994638503 0.087874912 -0.054520607 22.181495667
-0.068173409 -0.004417607 0.997663856 33.539905548 0.087540559 0.996106744 0.010392611 -0.989238441 -0.993825614 0.088044539 -0.067521214 22.089107513
-0.080375910 -0.004283570 0.996755481 34.797367096 0.087339960 0.996114194 0.011323692 -0.990461528 -0.992930770 0.087966733 -0.079689503 21.983631134
-0.091859579 -0.001572014 0.995770872 36.061302185 0.087319016 0.996133864 0.009627730 -0.990748167 -0.991936266 0.087834120 -0.091367126 21.877273560
-0.101950765 0.001986082 0.994787514 37.324237823 0.087883331 0.996106029 0.007018003 -0.982147813 -0.990899920 0.088140726 -0.101728320 21.747928619
-0.111442566 0.004579700 0.993760288 38.633850098 0.088966414 0.996020079 0.005386793 -0.976788223 -0.989780545 0.089011610 -0.111406565 21.600631714
-0.118868232 0.005582232 0.992894292 39.961212158 0.088654883 0.996049762 0.005013692 -0.973123252 -0.988944173 0.088620909 -0.118893623 21.437271118
-0.124631286 0.006170867 0.992184103 41.309349060 0.088371851 0.996075451 0.004905577 -0.974132538 -0.988259971 0.088292524 -0.124687433 21.268592834
-0.130079150 0.007819687 0.991472661 42.670886993 0.089606375 0.995969594 0.003901029 -0.972970843 -0.987446129 0.089349724 -0.130255580 21.104732513
-0.134541750 0.009464517 0.990862787 44.052776337 0.088390507 0.996082783 0.002487487 -0.967688680 -0.986957788 0.087917529 -0.134851217 20.915195465
-0.141800404 0.009325594 0.989851356 46.886428833 0.088778071 0.996045828 0.003333876 -0.971459270 -0.985906303 0.088349842 -0.142067671 20.524002075
-0.146315455 0.006023207 0.989219546 49.791492462 0.089654014 0.995946944 0.007196565 -0.973941743 -0.985166848 0.089740478 -0.146262407 20.089637756
-0.149767518 0.006456973 0.988700330 52.750335693 0.091698110 0.995759428 0.007387260 -0.963667989 -0.984459996 0.091768309 -0.149724483 19.649040222
-0.150320053 0.007878357 0.988606036 54.251049042 0.093978681 0.995553911 0.006355968 -0.955720901 -0.984160542 0.093863316 -0.150392056 19.414142609
-0.150379062 0.007991141 0.988596082 55.773849487 0.093492158 0.995600879 0.006173680 -0.951809883 -0.984197795 0.093354382 -0.150464654 19.178951263
-0.148571849 0.009424191 0.988856733 58.872497559 0.093999654 0.995561421 0.004634988 -0.943938136 -0.984423935 0.093640812 -0.148798227 18.703063965
-0.146239877 0.009039426 0.989207804 62.051456451 0.094017468 0.995558977 0.004801649 -0.941663742 -0.984771311 0.093705013 -0.146440387 18.236305237
-0.145517349 0.009647087 0.989308774 63.661052704 0.093438447 0.995616853 0.004035237 -0.934699297 -0.984933615 0.093026668 -0.145780921 18.007133484
-0.143780470 0.010049824 0.989558756 66.948341370 0.094070591 0.995559156 0.003557447 -0.934307933 -0.985128522 0.093599863 -0.144087315 17.526649475
-0.142464757 0.006444319 0.989778876 70.298286438 0.097642928 0.995192707 0.007574756 -0.932349443 -0.984971881 0.097724043 -0.142409086 17.043579102
-0.140779972 0.009435571 0.989996016 73.674720764 0.101381250 0.994835436 0.004934982 -0.930120945 -0.984836519 0.101061776 -0.141009569 16.545753479
-0.140114784 0.008645612 0.990097642 77.123260498 0.101363540 0.994833350 0.005657601 -0.944512129 -0.984933257 0.101152502 -0.140267253 16.055274963
-0.139834046 0.007618522 0.990145624 78.853767395 0.101049736 0.994859397 0.006616034 -0.941169024 -0.985005260 0.100979105 -0.139885068 15.814163208
-0.139772773 0.007806662 0.990153015 80.602272034 0.102487281 0.994712234 0.006624756 -0.937062979 -0.984865606 0.102404028 -0.139833689 15.568252563
-0.139738202 0.007497123 0.990160108 82.368087769 0.103339612 0.994621098 0.007053087 -0.933948517 -0.984781265 0.103308350 -0.139761329 15.319297791
-0.139717221 0.008657060 0.990153670 84.129234314 0.103776805 0.994582832 0.005947796 -0.927855015 -0.984738350 0.103585988 -0.139858723 15.069290161
-0.140391469 0.009570543 0.990049779 85.934494019 0.103303030 0.994637191 0.005033737 -0.920962572 -0.984692156 0.102981836 -0.140627265 14.812561035
-0.141514540 0.010161539 0.989884079 87.726570129 0.102614418 0.994711220 0.004458744 -0.928325653 -0.984603465 0.102207355 -0.141808867 14.562225342
-0.143078685 0.010799604 0.989652455 89.529502869 0.101668172 0.994810939 0.003842737 -0.924166441 -0.984475613 0.101165965 -0.143434286 14.318672180
-0.143900990 0.009839518 0.989543319 91.357620239 0.100711145 0.994904339 0.004752735 -0.928190231 -0.984454215 0.100341953 -0.144158602 14.053359985
-0.145406842 0.008713607 0.989333570 95.068199158 0.098327577 0.995137870 0.005686922 -0.926606894 -0.984473765 0.098105691 -0.145556688 13.513885498
-0.147050261 0.009592891 0.989082515 96.920974731 0.098122045 0.995162129 0.004936285 -0.923969030 -0.984250128 0.097776681 -0.147280216 13.243400574
-0.149438739 0.010493079 0.988715291 98.819320679 0.097310163 0.995245457 0.004145504 -0.920989513 -0.983970881 0.096831545 -0.149749398 12.948417664
-0.153692007 0.011425545 0.988052785 100.715377808 0.097994633 0.995179951 0.003735141 -0.923218489 -0.983247638 0.097397931 -0.154070854 12.656997681
-0.158021331 0.010407938 0.987380862 102.608543396 0.095932685 0.995375931 0.004860934 -0.925392389 -0.982764602 0.095490225 -0.158289075 12.358390808
-0.162841439 0.009595362 0.986605585 104.522674561 0.094778217 0.995480537 0.005961679 -0.934778214 -0.982089520 0.094479531 -0.163015008 12.049339294
-0.167384505 0.010049565 0.985840559 106.436462402 0.093034744 0.995646834 0.005646708 -0.938438892 -0.981492281 0.092662595 -0.167590857 11.731788635
-0.171998620 0.012072555 0.985023260 108.361114502 0.093572967 0.995603800 0.004136892 -0.937784433 -0.980642974 0.092883088 -0.172372222 11.398025513
-0.176690936 0.013682961 0.984171331 110.287857056 0.093233421 0.995640039 0.002896028 -0.946351767 -0.979840755 0.092269361 -0.177196264 11.060600281
-0.181367517 0.013749461 0.983319342 112.222091675 0.092238434 0.995732129 0.003089809 -0.957402468 -0.979080200 0.091260217 -0.181861639 10.708236694
-0.192172408 0.013227017 0.981272161 116.113067627 0.087997541 0.996113420 0.003806369 -0.958425522 -0.977407992 0.087081008 -0.192589521 9.997100830
-0.203537703 0.012396052 0.978988588 120.061103821 0.087093413 0.996185005 0.005493459 -0.960760355 -0.975185633 0.086381584 -0.203840852 9.218475342
-0.214673281 0.014892309 0.976572394 124.005264282 0.086756140 0.996222019 0.003879053 -0.967564821 -0.972825170 0.085556380 -0.215154171 8.377761841
-0.226321578 0.014946394 0.973937988 127.971282959 0.086485170 0.996241510 0.004808557 -0.966928244 -0.970205605 0.085319467 -0.226763606 7.489776611
-0.231597662 0.015700037 0.972684920 129.951095581 0.085661486 0.996314943 0.004314672 -0.970958471 -0.969032824 0.084320903 -0.232089043 7.029632568
-0.236868024 0.016314641 0.971405029 131.940353394 0.084898420 0.996381700 0.003967552 -0.976948977 -0.967825472 0.083410524 -0.237396121 6.556777954
-0.241212130 0.015615338 0.970346868 133.947662354 0.086148068 0.996267796 0.005382495 -0.976552725 -0.966641307 0.084891826 -0.241657019 6.059020996
-0.245282769 0.015505953 0.969327688 135.958862305 0.088328898 0.996070683 0.006417348 -0.974690437 -0.965419412 0.087193705 -0.245688558 5.558441162
-0.248737574 0.016535355 0.968429744 137.958679199 0.089547478 0.995964527 0.005994437 -0.970230579 -0.964422524 0.088211484 -0.249214411 5.047180176
-0.251641273 0.017112510 0.967669308 139.950897217 0.090072997 0.995918214 0.005811305 -0.975262642 -0.963620067 0.088623233 -0.252155542 4.532821655
-0.254947305 0.017002869 0.966805458 141.975387573 0.089409545 0.995976508 0.006061469 -0.978448391 -0.962812483 0.087986983 -0.255441785 4.004333496
-0.258947015 0.017435964 0.965734303 144.006698608 0.087968521 0.996107519 0.005603073 -0.983657360 -0.961877465 0.086405106 -0.259472847 3.466049194
-0.263419151 0.017922767 0.964514971 146.030410767 0.086463697 0.996241927 0.005101815 -0.988318443 -0.960798860 0.084739447 -0.263978839 2.923583984
-0.267657638 0.017643580 0.963352680 148.053512573 0.085634485 0.996311188 0.005545438 -0.991833687 -0.959701240 0.083980478 -0.268181205 2.369903564
-0.272262573 0.018112637 0.962052524 150.086425781 0.085930489 0.996285617 0.005561335 -0.993706703 -0.958378315 0.084183782 -0.272807717 1.807052612
-0.276929259 0.018436791 0.960713565 152.140762329 0.085150003 0.996353388 0.005424044 -0.997398376 -0.957110226 0.083306827 -0.277489305 1.233795166
-0.281537652 0.018366713 0.959374428 154.183258057 0.084550515 0.996402681 0.005736557 -1.001039982 -0.955817878 0.082730658 -0.282077789 0.647491455
-0.285699129 0.017972035 0.958150804 156.229248047 0.084573604 0.996395826 0.006528558 -1.002079964 -0.954580128 0.082899474 -0.286189318 0.042953491
-0.289886832 0.017992491 0.956891775 158.271728516 0.085190602 0.996339560 0.007073949 -1.006299973 -0.953261852 0.083568834 -0.290358424 -0.564025879
-0.293532848 0.018687150 0.955766320 160.320999146 0.086124726 0.996259987 0.006971553 -1.012392044 -0.952061474 0.084361494 -0.294044495 -1.194244385
-0.297247887 0.019753277 0.954596043 162.376464844 0.086367756 0.996243536 0.006278636 -1.013106823 -0.950886071 0.084312625 -0.297837377 -1.826004028
-0.300916791 0.021350723 0.953411400 164.447753906 0.086452335 0.996243536 0.004976275 -1.017953396 -0.949723721 0.083922088 -0.301632166 -2.468338013
-0.304395080 0.022408461 0.952282250 166.498794556 0.087113202 0.996188700 0.004403925 -1.026403904 -0.948554099 0.084296890 -0.305186987 -3.110565186
-0.307523489 0.023167538 0.951258421 168.579254150 0.086692922 0.996227980 0.003763397 -1.029675961 -0.947583020 0.083624698 -0.308372021 -3.782653809
-0.311298132 0.023212817 0.950028777 170.664047241 0.086971939 0.996202111 0.004157283 -1.040404797 -0.946324170 0.083919995 -0.312134624 -4.450592041
-0.315148115 0.023258343 0.948757529 172.727386475 0.086590737 0.996234536 0.004340555 -1.046179295 -0.945084035 0.083521530 -0.315975308 -5.128021240
-0.319020391 0.024388423 0.947434008 174.810607910 0.088865310 0.996034443 0.004283288 -1.048551083 -0.943572462 0.085560478 -0.319922566 -5.823532104
-0.322100043 0.024419427 0.946390688 176.891021729 0.090749487 0.995860219 0.005190331 -1.056892395 -0.942346096 0.087556273 -0.322982669 -6.528579712
-0.324659348 0.024005901 0.945526302 178.957885742 0.091630049 0.995773911 0.006180795 -1.061655998 -0.941382110 0.088645279 -0.325487018 -7.236618042
-0.327697277 0.023390567 0.944493115 181.053161621 0.091067895 0.995820522 0.006934831 -1.065006733 -0.940383434 0.088285536 -0.328457832 -7.950332642
-0.330738187 0.024048468 0.943416119 183.145492554 0.090306021 0.995894313 0.006272857 -1.068063259 -0.939391911 0.087270826 -0.331552029 -8.665435791
-0.333479404 0.025954302 0.942400217 185.240814209 0.089578375 0.995970607 0.004268683 -1.072989941 -0.938492119 0.085842192 -0.334460616 -9.402236938
-0.336912036 0.027692458 0.941128850 187.353881836 0.088949949 0.996032894 0.002534942 -1.079483986 -0.937325060 0.084567413 -0.338038683 -10.146240234
-0.340030551 0.028672889 0.939977169 189.453140259 0.088054538 0.996114552 0.001467855 -1.090595245 -0.936282873 0.083268374 -0.341234207 -10.894744873
-0.343506336 0.029422799 0.938689530 191.566101074 0.086536735 0.996248543 0.000440492 -1.108539581 -0.935155153 0.081382424 -0.344763875 -11.650680542
-0.346944571 0.029799920 0.937412083 193.671203613 0.087174386 0.996192873 0.000595484 -1.116517544 -0.933825493 0.081924915 -0.348221540 -12.426895142
-0.350771785 0.028891798 0.936015308 195.812011719 0.086648218 0.996237457 0.001720745 -1.129093170 -0.932443798 0.081707641 -0.351955414 -13.220672607
-0.354440570 0.028174331 0.934653997 197.939559937 0.086420365 0.996254981 0.002741185 -1.143278122 -0.931076467 0.081744730 -0.355548024 -14.013000488
-0.358051419 0.028056767 0.933280289 200.075531006 0.086289123 0.996265173 0.003154417 -1.155273438 -0.929706156 0.081661373 -0.359135151 -14.837326050
-0.361953139 0.028212257 0.931769490 202.204223633 0.085459113 0.996337056 0.003030001 -1.167278290 -0.928270996 0.080724902 -0.363038301 -15.647811890
-0.365528345 0.028866988 0.930352509 204.329589844 0.084978230 0.996379733 0.002471610 -1.183707714 -0.926913023 0.079963148 -0.366658092 -16.473876953
-0.368834496 0.029358229 0.929031491 206.473403931 0.084664181 0.996407270 0.002125119 -1.198504448 -0.925631344 0.079439498 -0.369994879 -17.317642212
-0.371529102 0.029940579 0.927938461 208.604995728 0.085693181 0.996319234 0.002162999 -1.218266010 -0.924458146 0.080321610 -0.372727275 -18.167602539
-0.374110818 0.029767254 0.926906168 210.757690430 0.086668566 0.996232748 0.002986853 -1.230788231 -0.923325300 0.081451036 -0.375281334 -19.033691406
-0.376729727 0.029393073 0.925856948 212.908172607 0.088212408 0.996092558 0.004270638 -1.246258259 -0.922113657 0.083280943 -0.377850533 -19.905578613
-0.379007578 0.030114286 0.924903274 215.056549072 0.089344412 0.995992005 0.004182751 -1.255703449 -0.921070337 0.084220245 -0.380179048 -20.789733887
-0.381664515 0.031088760 0.923777997 217.205352783 0.089329168 0.995996416 0.003387697 -1.266435146 -0.919974267 0.083813280 -0.382913589 -21.671569824
-0.384164095 0.031164544 0.922738731 219.365783691 0.088766135 0.996046960 0.003315575 -1.280292511 -0.918987811 0.083181672 -0.385411859 -22.571075439
-0.387247086 0.032432195 0.921405315 221.541091919 0.088472687 0.996076345 0.002122682 -1.297204971 -0.917721212 0.082341209 -0.388597012 -23.477722168
-0.390126944 0.033661202 0.920145810 223.700897217 0.088260479 0.996096969 0.000981314 -1.311104298 -0.916521370 0.081595331 -0.391575217 -24.387084961
-0.392572641 0.033555478 0.919108689 225.852111816 0.086113140 0.996285260 0.000407821 -1.332694530 -0.915680766 0.079307429 -0.394003987 -25.299713135
-0.395676732 0.034544151 0.917739987 228.005767822 0.087086670 0.996200740 0.000049311 -1.355537891 -0.914251506 0.079942435 -0.397181749 -26.224792480
-0.398223996 0.034305017 0.916646600 230.158676147 0.088597432 0.996066749 0.001212606 -1.375968456 -0.912999630 0.081695415 -0.399696946 -27.156890869
-0.401290298 0.033338062 0.915344000 232.294464111 0.088930011 0.996034205 0.002710347 -1.397045135 -0.911623597 0.082489185 -0.402663589 -28.072998047
-0.404313684 0.032927938 0.914027631 234.423019409 0.087999202 0.996115923 0.003040636 -1.411844254 -0.910377324 0.081663065 -0.405640960 -29.009155273
-0.407197118 0.033146847 0.912738800 236.572326660 0.086612299 0.996239066 0.002460820 -1.427743912 -0.909224451 0.080056429 -0.408536673 -29.959838867
-0.410736561 0.032549217 0.911172807 238.719726562 0.085049227 0.996372938 0.002745557 -1.440509796 -0.907778561 0.078622252 -0.412015080 -30.919311523
-0.414505005 0.031842086 0.909489989 240.843994141 0.084131658 0.996448636 0.003456858 -1.460690498 -0.906149983 0.077949770 -0.415711880 -31.866760254
-0.418100595 0.032213610 0.907829404 242.992309570 0.083724871 0.996483743 0.003200029 -1.475072384 -0.904534161 0.077345826 -0.419327497 -32.845245361
-0.421873093 0.032163329 0.906084418 245.117675781 0.083444647 0.996506333 0.003478782 -1.487756252 -0.902806997 0.077075489 -0.423083067 -33.827423096
-0.425893545 0.031470012 0.904225767 247.269317627 0.082262494 0.996602416 0.004060911 -1.505141258 -0.901025772 0.076113388 -0.427035451 -34.826080322
-0.429881692 0.031393092 0.902339280 249.375183105 0.081431799 0.996670425 0.004119821 -1.519550323 -0.899205506 0.075250149 -0.431006789 -35.817108154
-0.433677673 0.032305390 0.900488794 251.494567871 0.081798099 0.996642292 0.003639240 -1.534767151 -0.897347629 0.075236522 -0.434864044 -36.821990967
-0.437119126 0.032855581 0.898803473 253.584777832 0.082237795 0.996606350 0.003564314 -1.552317142 -0.895636141 0.075473644 -0.438337684 -37.826324463
-0.441149473 0.032819882 0.896833241 255.697296143 0.082043476 0.996621192 0.003885284 -1.566040039 -0.893675506 0.075293310 -0.442351580 -38.836029053
-0.444551229 0.033198807 0.895138025 257.792785645 0.080928572 0.996714711 0.003225373 -1.581955433 -0.892090142 0.073876083 -0.445777535 -39.869628906
-0.448178530 0.033581257 0.893313110 259.893829346 0.081536919 0.996664405 0.003440960 -1.596816540 -0.890217841 0.074380159 -0.449421763 -40.918945312
-0.451458693 0.034209263 0.891635954 261.979919434 0.081855573 0.996639013 0.003207735 -1.597694874 -0.888529420 0.074433528 -0.452741623 -41.979522705
-0.454816580 0.035626572 0.889872432 264.091217041 0.083463319 0.996507049 0.002762605 -1.608704090 -0.886665702 0.075528175 -0.456201434 -43.052398682
-0.458086491 0.037752520 0.888105810 266.191497803 0.085791089 0.996311367 0.001898933 -1.624974728 -0.884758234 0.077061430 -0.459635615 -44.137878418
-0.461029649 0.038109124 0.886566222 268.296295166 0.086504422 0.996249139 0.002159921 -1.641507626 -0.883158505 0.077687673 -0.462597013 -45.218780518
-0.463608265 0.040639855 0.885107875 270.393707275 0.088976912 0.996033311 0.000871955 -1.655009270 -0.881561458 0.079158403 -0.465385318 -46.312896729
-0.466236115 0.043282032 0.883601129 272.509979248 0.090809450 0.995867908 -0.000865276 -1.671292305 -0.879987478 0.079835899 -0.468240023 -47.423431396
-0.468991876 0.043928288 0.882109582 274.621704102 0.091865547 0.995771170 -0.000746332 -1.687356472 -0.878412068 0.080685444 -0.471044064 -48.545013428
-0.472313166 0.044927839 0.880285025 276.767364502 0.092112929 0.995747566 -0.001397999 -1.704271793 -0.876604438 0.080425337 -0.474443197 -49.680664062
-0.475811720 0.044927482 0.878399074 278.900085449 0.091204584 0.995831013 -0.001530039 -1.714485645 -0.874805748 0.079386003 -0.477925658 -50.824707031
-0.479131818 0.046323128 0.876519978 281.030578613 0.092340626 0.995725155 -0.002146892 -1.731343269 -0.872872472 0.079909749 -0.481361032 -51.980529785
-0.482266784 0.046583347 0.874784827 283.170776367 0.091647275 0.995788395 -0.002501994 -1.751550198 -0.871217132 0.078965023 -0.484504938 -53.156585693
-0.485160470 0.046400014 0.873193383 285.323181152 0.089833416 0.995952249 -0.003010316 -1.765343189 -0.869798601 0.076981448 -0.487365007 -54.348510742
-0.487703681 0.047060095 0.871740103 287.465759277 0.091519915 0.995799959 -0.002555643 -1.788290977 -0.868199050 0.078535177 -0.489962220 -55.538970947
-0.490137219 0.046897285 0.870382607 289.637268066 0.092996083 0.995665669 -0.001278940 -1.814271927 -0.866670072 0.080315322 -0.492374063 -56.749572754
-0.492432356 0.046904180 0.869085848 291.791870117 0.093569003 0.995612562 -0.000715668 -1.828285217 -0.865306377 0.080967084 -0.494660616 -57.969085693
-0.494241834 0.046434727 0.868083537 293.931518555 0.093406692 0.995628059 -0.000076296 -1.849416256 -0.864291847 0.081047095 -0.496418357 -59.173187256
-0.496375322 0.046013877 0.866887867 296.083251953 0.093006805 0.995665371 0.000405867 -1.851559162 -0.863111615 0.080827922 -0.498503327 -60.405273438
-0.498816252 0.046282690 0.865471184 298.241851807 0.094465837 0.995527387 0.001207905 -1.860204220 -0.861544371 0.082359985 -0.500957370 -61.643829346
-0.501157641 0.045990206 0.864133239 300.423095703 0.094597794 0.995513797 0.001879920 -1.872084141 -0.860170126 0.082687221 -0.503259897 -62.894592285
-0.503145814 0.046565432 0.862946272 302.595794678 0.094209313 0.995551705 0.001208317 -1.893607616 -0.859051347 0.081905521 -0.505294561 -64.153594971
-0.505843520 0.048961837 0.861234546 304.787933350 0.093573660 0.995611012 -0.001641024 -1.903159618 -0.857534945 0.079758763 -0.508204937 -65.423370361
-0.508972764 0.048161600 0.859434247 306.962432861 0.092174776 0.995742083 -0.001212522 -1.928038597 -0.855833292 0.078601018 -0.511244893 -66.707427979
-0.513394475 0.046430126 0.856895864 309.161315918 0.090263352 0.995917916 0.000116821 -1.948307037 -0.853392482 0.077406265 -0.515489697 -68.007690430
-0.518330574 0.043976039 0.854048967 311.364898682 0.088016003 0.996116817 0.002126476 -1.962733746 -0.850638986 0.076272190 -0.520188451 -69.319213867
-0.522545815 0.042403243 0.851556122 313.553405762 0.086644880 0.996232867 0.003561025 -1.971302032 -0.848197222 0.075643770 -0.524251342 -70.660186768
-0.526954293 0.042859901 0.848812222 315.779052734 0.087437660 0.996162057 0.003982320 -1.979163647 -0.845383823 0.076316655 -0.528679371 -72.027801514
-0.531209588 0.044307921 0.846081018 317.992858887 0.089799352 0.995950937 0.004223910 -1.978623867 -0.842468023 0.078221306 -0.533037543 -73.402435303
-0.534927249 0.045252237 0.843685567 320.208374023 0.090674795 0.995872200 0.004076123 -1.979512691 -0.840018570 0.078681439 -0.536822438 -74.795684814
-0.538820624 0.045434572 0.841194451 322.424987793 0.091814153 0.995763481 0.005027696 -1.990787506 -0.837402284 0.079942577 -0.540709496 -76.192932129
-0.542751670 0.043838669 0.838748574 324.645599365 0.091538906 0.995775580 0.007188569 -1.992133141 -0.834890187 0.080679722 -0.544471741 -77.618255615
-0.546518207 0.042384669 0.836374044 326.862182617 0.090472281 0.995861411 0.008651021 -2.000500679 -0.832545996 0.080396608 -0.548090935 -79.060241699
-0.550701737 0.041904274 0.833649635 329.076110840 0.089325465 0.995962322 0.008944534 -2.000852108 -0.829908848 0.079391912 -0.552221298 -80.492919922
-0.554847717 0.041690275 0.830906808 331.281433105 0.089249849 0.995962739 0.009625756 -2.000857830 -0.827150881 0.079499133 -0.556328416 -81.942321777
-0.558613777 0.041801587 0.828374028 333.470214844 0.090314269 0.995856345 0.010650270 -1.998085499 -0.824496388 0.080763377 -0.560074449 -83.404724121
-0.562736750 0.041490603 0.825594306 335.675292969 0.091041580 0.995774627 0.012012132 -1.992938042 -0.821607471 0.081923075 -0.564136386 -84.891418457
-0.566347122 0.040576305 0.823167264 337.880676270 0.089679353 0.995890856 0.012609927 -1.985531330 -0.819273055 0.080962703 -0.567658782 -86.383239746
-0.569497347 0.039759591 0.821031034 340.079620361 0.089634642 0.995877028 0.013947132 -1.975990295 -0.817091405 0.081535675 -0.570713162 -87.906585693
-0.572235346 0.038988087 0.819162250 342.264709473 0.090187505 0.995802522 0.015606227 -1.971014977 -0.815115392 0.082808629 -0.573349595 -89.420043945
-0.575251937 0.038190357 0.817084312 344.466186523 0.087560810 0.996044874 0.015090506 -1.955909729 -0.813276350 0.080225408 -0.576320767 -90.954315186
-0.578300834 0.037404951 0.814965665 346.654174805 0.084125414 0.996357322 0.013965125 -1.941583633 -0.811474681 0.076635368 -0.579340935 -92.479492188
-0.584291220 0.034060180 0.810828924 351.013793945 0.078358352 0.996818423 0.014592830 -1.916945934 -0.807752192 0.072061688 -0.585101247 -95.572601318
-0.587593794 0.033429354 0.808465421 353.189880371 0.079038940 0.996739388 0.016231276 -1.901533127 -0.805286705 0.073437639 -0.588320017 -97.131439209
-0.590268016 0.033724666 0.806502759 355.335723877 0.078603029 0.996780038 0.015847147 -1.887244701 -0.803371370 0.072747611 -0.591018200 -98.695251465
-0.593797565 0.032702670 0.803949654 357.497009277 0.076541625 0.996938288 0.015980709 -1.867740631 -0.800965548 0.071024917 -0.594482660 -100.250549316
-0.600636363 0.026201021 0.799092948 361.777374268 0.071402140 0.997227132 0.020971717 -1.831884384 -0.796327651 0.069653317 -0.600841641 -103.375732422
-0.606487036 0.025510600 0.794683993 366.081848145 0.069646835 0.997347772 0.021136658 -1.773172379 -0.792037129 0.068166338 -0.606655240 -106.595550537
-0.612357497 0.023718290 0.790225208 370.357299805 0.068655081 0.997369111 0.023266228 -1.728844643 -0.787594378 0.068500221 -0.612374783 -109.817718506
-0.615100980 0.022249708 0.788134336 372.483703613 0.065425947 0.997594655 0.022898857 -1.701072693 -0.785729110 0.065649547 -0.615077138 -111.452148438
-0.618014574 0.018692236 0.785944402 374.609741211 0.055512141 0.998259485 0.019909307 -1.676528931 -0.784204304 0.055933699 -0.617976546 -113.088134766
-0.621792316 0.021056777 0.782899082 376.750762939 0.047814369 0.998794436 0.011111543 -1.665444851 -0.781721234 0.044342898 -0.622049451 -114.729034424
-0.624987960 0.033140656 0.779930711 380.939331055 0.066192225 0.997750103 0.010646132 -1.668051243 -0.777823091 0.058279049 -0.625775456 -118.058898926
-0.630408406 0.013464515 0.776146829 385.162170410 0.059265327 0.997766137 0.030827830 -1.604179382 -0.773997962 0.065432720 -0.629798174 -121.414245605
-0.636576056 0.006824607 0.771183729 389.323364258 0.052134939 0.998054147 0.034202654 -1.493285179 -0.769449711 0.061978202 -0.635693192 -124.745941162
-0.639267206 0.011914596 0.768892646 391.394775391 0.057415478 0.997828603 0.032273810 -1.446144104 -0.766838551 0.064777918 -0.638563156 -126.432678223
-0.643910527 0.021276215 0.764805079 395.525512695 0.062812001 0.997708976 0.025127748 -1.356533051 -0.762518287 0.064218953 -0.643771768 -129.853088379
-0.649768949 0.020881014 0.759844959 399.638793945 0.063799962 0.997593522 0.027142992 -1.279125214 -0.757449627 0.066114746 -0.649537563 -133.316345215
-0.654223680 0.020767756 0.756015956 403.698913574 0.065008961 0.997467399 0.028855532 -1.189378738 -0.753502011 0.068025783 -0.653916955 -136.742309570
-0.656965613 0.021459082 0.753615201 407.775085449 0.066111155 0.997383952 0.029232167 -1.100850105 -0.751016378 0.069026895 -0.656665683 -140.252929688
-0.658914328 0.020215416 0.751946568 411.800720215 0.069067702 0.997042000 0.033717915 -0.999943733 -0.749040663 0.074152425 -0.658361554 -143.757385254
-0.661615849 0.020320147 0.749567628 415.835510254 0.069568150 0.996984661 0.034377836 -0.876625061 -0.746608853 0.074890949 -0.661034465 -147.278503418
-0.664645672 0.019686159 0.746899426 419.805175781 0.062551886 0.997609496 0.029369062 -0.764628410 -0.744535804 0.066239983 -0.664288163 -150.752319336
-0.666552782 0.017934604 0.745242000 423.792724609 0.060154032 0.997744441 0.029791251 -0.667056084 -0.743026733 0.064686753 -0.666128278 -154.271728516
-0.668577313 0.015673507 0.743477464 427.746002197 0.055594701 0.998033524 0.028954037 -0.580200195 -0.741561592 0.060691416 -0.668133855 -157.760803223
-0.669150114 0.013608295 0.743002534 431.710601807 0.059177604 0.997632861 0.035023596 -0.468605995 -0.740767181 0.067405157 -0.668371558 -161.303039551
-0.668143630 0.012588485 0.743925989 433.670837402 0.063712776 0.997152269 0.040348958 -0.396783829 -0.741299570 0.074356481 -0.667042971 -163.065124512
-0.667080045 0.011881225 0.744891167 435.649047852 0.067446314 0.996729910 0.044502780 -0.320688248 -0.741926551 0.079927087 -0.665699959 -164.819213867
-0.664975643 0.008256467 0.746819615 439.577636719 0.054130055 0.997841954 0.037166286 -0.165281296 -0.744901121 0.065140054 -0.663987517 -168.291137695
-0.660914540 0.005955525 0.750437558 443.525787354 0.047660887 0.998282969 0.034052767 -0.040313721 -0.748946190 0.058272488 -0.660063624 -171.743591309
-0.658249140 0.006445147 0.752772748 445.522705078 0.049524739 0.998167872 0.034759860 0.015995026 -0.751169503 0.060161512 -0.657362342 -173.478942871
-0.655572534 0.006451324 0.755104780 447.498596191 0.050267171 0.998118341 0.035113789 0.078107834 -0.753457427 0.060976610 -0.654663205 -175.190917969
-0.653179288 0.007407458 0.757167280 449.501281738 0.048038989 0.998343110 0.031674486 0.140209198 -0.755678117 0.057062659 -0.652452946 -176.908325195
-0.651980519 0.002728832 0.758230984 451.504699707 0.041445054 0.998626828 0.032043379 0.190171242 -0.757102311 0.052316573 -0.651198387 -178.607849121
-0.651211262 -0.003761579 0.758887470 453.526245117 0.032607879 0.998925507 0.032932620 0.246272087 -0.758195937 0.046191793 -0.650388837 -180.309814453
-0.650980115 -0.007432182 0.759058475 455.549987793 0.025183899 0.999190152 0.031381484 0.295125008 -0.758677006 0.039544772 -0.650265694 -182.003601074
-0.649319887 -0.008069482 0.760472775 459.560058594 0.025451949 0.999153018 0.032333966 0.398519516 -0.760089576 0.040350597 -0.648564458 -185.397399902
-0.647768974 -0.008591266 0.761788368 461.554870605 0.027750215 0.999006748 0.034863304 0.455455780 -0.761331260 0.043723155 -0.646887064 -187.091735840
-0.646744251 -0.010968035 0.762628138 463.532226562 0.025797747 0.999009907 0.036245346 0.522245407 -0.762270570 0.043115556 -0.645820975 -188.745483398
-0.645821333 -0.011144025 0.763407230 465.522277832 0.023914179 0.999107599 0.034815453 0.580566406 -0.763113976 0.040740818 -0.644978523 -190.409240723
-0.645099163 -0.010450250 0.764027476 467.520507812 0.022517320 0.999212205 0.032679349 0.635834694 -0.763767123 0.038285270 -0.644355655 -192.076782227
-0.644071221 -0.008833269 0.764914513 469.524230957 0.023608895 0.999227464 0.031418219 0.690396309 -0.764601111 0.038294360 -0.643365145 -193.754089355
-0.643168092 -0.008186304 0.765681326 471.511657715 0.025984293 0.999133646 0.032508928 0.736696243 -0.765284061 0.040804390 -0.642398119 -195.409729004
-0.641908050 -0.008340120 0.766736269 473.518280029 0.027489603 0.999047756 0.033881240 0.795089722 -0.766288698 0.042825915 -0.641067505 -197.080383301
-0.640923262 -0.008557888 0.767557323 475.514831543 0.027547568 0.999037266 0.034141459 0.851610184 -0.767110527 0.043026388 -0.640070438 -198.737670898
-0.639902711 -0.009120883 0.768401802 477.513610840 0.026847731 0.999053776 0.034216717 0.910287857 -0.767986834 0.042525217 -0.639052272 -200.391723633
-0.639270544 -0.009813697 0.768919289 479.503814697 0.027484776 0.998988092 0.035600584 0.969610214 -0.768490553 0.043891978 -0.638353944 -202.052429199
-0.638745666 -0.010722643 0.769343197 481.540405273 0.026800964 0.998986006 0.036174715 1.034292221 -0.768950999 0.043725580 -0.637810588 -203.708740234
-0.638337731 -0.010190733 0.769688904 483.576232910 0.026113642 0.999050140 0.034884710 1.091995239 -0.769313276 0.042367611 -0.637465358 -205.362792969
-0.637925863 -0.008976217 0.770045400 485.602783203 0.026298851 0.999094903 0.033432849 1.157295227 -0.769648492 0.041578993 -0.637112379 -207.022155762
-0.637435913 -0.009186088 0.770448804 487.644836426 0.027021019 0.999047339 0.034267694 1.208786011 -0.770029604 0.042661764 -0.636580467 -208.683410645
-0.637201071 -0.010937994 0.770619869 489.687377930 0.026003424 0.999024868 0.035681322 1.270797729 -0.770258725 0.042774938 -0.636295319 -210.343872070
-0.636929989 -0.011893234 0.770829856 491.719879150 0.025097709 0.999031067 0.036152199 1.330570221 -0.770512938 0.042372487 -0.636014462 -212.016296387
-0.637495399 -0.012488116 0.770352960 493.759033203 0.024292752 0.999045670 0.036298573 1.398387909 -0.770071149 0.041854165 -0.636583686 -213.673278809
-0.637761474 -0.012228434 0.770136893 495.800384521 0.024491262 0.999046445 0.036144681 1.453271866 -0.769844472 0.041913308 -0.636853814 -215.334289551
-0.638188839 -0.011681073 0.769791365 497.816833496 0.024921678 0.999047458 0.035820983 1.527627945 -0.769476473 0.042045042 -0.637289882 -216.970581055
-0.638494730 -0.012815711 0.769519746 499.833740234 0.024810160 0.998998940 0.037223268 1.587018967 -0.769226432 0.042858761 -0.637537599 -218.607666016
-0.639053822 -0.014826023 0.769019365 501.848205566 0.023624519 0.998964131 0.038891092 1.655914307 -0.768799365 0.043021202 -0.638041615 -220.241210938
-0.639348149 -0.015287475 0.768765450 503.877746582 0.022901691 0.998980165 0.038911786 1.729974747 -0.768576324 0.042484205 -0.638345957 -221.890258789
-0.640111208 -0.015681013 0.768122315 505.917053223 0.022221556 0.998995483 0.038912456 1.790586472 -0.767960906 0.041977171 -0.639119744 -223.541503906
-0.640401483 -0.014976079 0.767894447 507.962829590 0.022193484 0.999031544 0.037992608 1.867631912 -0.767719746 0.041372772 -0.639449000 -225.215393066
-0.640527129 -0.014323175 0.767802119 509.995727539 0.023243846 0.999006331 0.038027056 1.934993744 -0.767583847 0.042204030 -0.639557719 -226.876464844
-0.640572786 -0.014903639 0.767752826 512.035583496 0.023095982 0.998985410 0.038662408 2.001712799 -0.767550051 0.042498093 -0.639578700 -228.535583496
-0.640737057 -0.014297006 0.767627418 514.019226074 0.023191625 0.999009907 0.037964489 2.071577072 -0.767410159 0.042127777 -0.639771104 -230.174987793
-0.640987515 -0.014337898 0.767417312 516.052673340 0.022347577 0.999053001 0.037331495 2.136104584 -0.767225862 0.041078944 -0.640060067 -231.823730469
-0.641004562 -0.015275788 0.767385066 518.072387695 0.021871008 0.999032438 0.038156100 2.206830978 -0.767225444 0.041241720 -0.640050292 -233.462036133
-0.640908241 -0.016227905 0.767445982 520.087097168 0.021769481 0.998990119 0.039304074 2.275648117 -0.767308772 0.041897204 -0.639907718 -235.106140137
-0.641031504 -0.017572623 0.767313421 522.118652344 0.021605961 0.998928487 0.040927075 2.343046188 -0.767210424 0.042814083 -0.639964938 -236.777404785
-0.641105771 -0.016496932 0.767275155 524.163757324 0.022141421 0.998955190 0.039978735 2.418962479 -0.767132998 0.042619161 -0.640070677 -238.458618164
-0.641290545 -0.015302758 0.767145514 526.173400879 0.023248546 0.998954535 0.039361283 2.494859695 -0.766945839 0.043077037 -0.640264392 -240.104064941
-0.640830278 -0.015426239 0.767527699 528.151123047 0.023926347 0.998911023 0.040053498 2.563312531 -0.767309725 0.044031624 -0.639763236 -241.752929688
-0.640895009 -0.016483588 0.767451525 530.192016602 0.023077488 0.998903811 0.040726695 2.647594452 -0.767281532 0.043812390 -0.639812112 -243.431457520
-0.641094565 -0.016963266 0.767274559 532.196472168 0.022289487 0.998922408 0.040708575 2.721008301 -0.767138302 0.043200199 -0.640025616 -245.061767578
-0.641450286 -0.016782926 0.766981006 534.209350586 0.021871733 0.998954237 0.040150933 2.797117233 -0.766852796 0.042530030 -0.640412331 -246.697998047
-0.641598821 -0.018243594 0.766823590 536.228759766 0.020959269 0.998926818 0.041302141 2.872493744 -0.766754150 0.042571459 -0.640527844 -248.333374023
-0.641635299 -0.019923870 0.766750991 538.248596191 0.020800162 0.998842955 0.043360800 2.940704346 -0.766727746 0.043770365 -0.640478492 -250.003906250
-0.642014503 -0.020967912 0.766405821 540.270996094 0.019823736 0.998837769 0.043933209 3.026489258 -0.766436279 0.043398779 -0.640852690 -251.663940430
-0.643037558 -0.020028749 0.765572727 542.323669434 0.018795764 0.998944104 0.041921530 3.098999023 -0.765604019 0.041346643 -0.641982079 -253.335571289
-0.643078089 -0.017904060 0.765591204 544.314392090 0.018961562 0.999047875 0.039290912 3.168516159 -0.765565753 0.039783932 -0.642126322 -254.995666504
-0.642869830 -0.017243367 0.765781343 546.303222656 0.019132655 0.999073148 0.038558256 3.246595383 -0.765736461 0.039439369 -0.641944170 -256.652160645
-0.642821789 -0.018940166 0.765781522 548.342529297 0.019798880 0.998949468 0.041326959 3.323530197 -0.765759826 0.041727487 -0.641771555 -258.333740234
-0.642472744 -0.020275258 0.766040385 550.373046875 0.019914187 0.998870552 0.043139607 3.403636932 -0.766049862 0.042971089 -0.641343355 -260.019836426
-0.642429113 -0.019594973 0.766094446 552.391845703 0.020724315 0.998863220 0.042927604 3.479522705 -0.766064763 0.043454733 -0.641292810 -261.692749023
-0.642622828 -0.018842885 0.765950978 554.437133789 0.020865861 0.998896360 0.042079676 3.565479279 -0.765898585 0.043023583 -0.641520381 -263.377441406
-0.642686486 -0.018328769 0.765909910 556.484375000 0.021215908 0.998904586 0.041707084 3.644046783 -0.765835404 0.043054059 -0.641593695 -265.067565918
-0.642886758 -0.017931048 0.765751421 558.512756348 0.022760833 0.998837233 0.042497911 3.724174500 -0.765623093 0.044750482 -0.641731143 -266.742858887
-0.642798781 -0.018547874 0.765810490 560.539794922 0.023097085 0.998783052 0.043577466 3.806463242 -0.765686750 0.045699533 -0.641588092 -268.401611328
